df csv:         15.163, 15.561, 15.752
df parquet:     13.895, 13.896, 13.846

sql csv:        14.904, 14.774, 15.299
sql parquet:    14.725, 13.941, 14.194

+----+-----+-----------+----+
|year|month|crime_total|rank|
+----+-----+-----------+----+
|2010|    1|      19520|   1|
|2010|    3|      18131|   2|
|2010|    7|      17857|   3|
|2011|    1|      18141|   1|
|2011|    7|      17283|   2|
|2011|   10|      17034|   3|
|2012|    1|      17954|   1|
|2012|    8|      17661|   2|
|2012|    5|      17502|   3|
|2013|    8|      17441|   1|
|2013|    1|      16828|   2|
|2013|    7|      16645|   3|
|2014|   10|      17331|   1|
|2014|    7|      17258|   2|
|2014|   12|      17198|   3|
|2015|   10|      19221|   1|
|2015|    8|      19011|   2|
|2015|    7|      18709|   3|
|2016|   10|      19660|   1|
|2016|    8|      19496|   2|
+----+-----+-----------+----+
only showing top 20 rows

